1,2,3,4,5,6,7,8,I1,I2,I3,I4,I5,I6,I7,I8,nChebyshev,MaxDim,N,Lattice,Model,thermal,W,Wp,Delta,Jxy
-0.0751972,0.0562189,-0.195785,0.25,-0.103069,0.0607235,-0.0280825,0.035191,0,0,0,0,0,0,0,0,10,16,8,Chain,XXZ,0,8,0.9875,1,1
0.0855711,-0.0639746,0.17446,-0.210709,0.0918427,-0.0691006,0.0319567,-0.0400459,0,0,0,0,0,0,0,0,10,16,8,Chain,XXZ,0,8,0.9875,1,1
-0.112534,0.0842862,-0.124062,0.11773,-0.0698147,0.0921238,-0.0429641,0.0552346,0,0,0,0,0,0,0,0,10,16,8,Chain,XXZ,0,8,0.9875,1,1
0.145835,-0.10912,0.0764371,-0.0291063,0.0625051,-0.124099,0.0599566,-0.082408,0,0,0,0,0,0,0,0,10,16,8,Chain,XXZ,0,8,0.9875,1,1
-0.17481,0.12853,-0.0622469,-0.00113059,-0.0892627,0.15826,-0.0829639,0.123624,0,0,0,0,0,0,0,0,10,16,8,Chain,XXZ,0,8,0.9875,1,1
0.194923,-0.136597,0.0959097,-0.0467693,0.149838,-0.19156,0.114756,-0.1805,0,0,0,0,0,0,0,0,10,16,8,Chain,XXZ,0,8,0.9875,1,1
-0.211982,0.137786,-0.174477,0.154578,-0.228321,0.229587,-0.160676,0.253505,0,0,0,0,0,0,0,0,10,16,8,Chain,XXZ,0,8,0.9875,1,1
0.241801,-0.148814,0.287374,-0.286817,0.309806,-0.287413,0.225979,-0.341916,0,0,0,0,0,0,0,0,10,16,8,Chain,XXZ,0,8,0.9875,1,1
-0.305358,0.192662,-0.426433,0.417204,-0.395081,0.384074,-0.31212,0.445052,0,0,0,0,0,0,0,0,10,16,8,Chain,XXZ,0,8,0.9875,1,1
0.422,-0.287201,0.589217,-0.542879,0.502093,-0.533702,0.415413,-0.564939,0,0,0,0,0,0,0,0,10,16,8,Chain,XXZ,0,8,0.9875,1,1
-0.604566,0.436429,-0.777905,0.682187,-0.65535,0.740341,-0.530979,0.709843,0,0,0,0,0,0,0,0,10,16,8,Chain,XXZ,0,8,0.9875,1,1
